"/Library/Frameworks/Python.framework/Versions/3.12/bin/python3 /pythonProject/.venv/bin/python" /Library/Frameworks/Python.framework/Versions/3.12/bin/python3 /pythonProject/Assignment11.py
Graph Read from Graph1.txt

Adjacency matrix:
[[1 0 1 1 1]
 [1 1 1 0 0]
 [1 1 1 1 1]
 [0 0 0 1 1]
 [1 0 1 0 1]]

Adjacency table:
0 : [0, 2, 3, 4]
1 : [0, 1, 2]
2 : [0, 1, 2, 3, 4]
3 : [3, 4]
4 : [0, 2, 4]

Edge set:
{(4, 0), (3, 4), (4, 3), (3, 1), (0, 2), (2, 2), (1, 0), (4, 2), (3, 0), (3, 3), (2, 4), (1, 2), (0, 4), (2, 1), (3, 2), (4, 1), (4, 4), (0, 0), (1, 1), (0, 3), (2, 0), (2, 3)}

Incidence matrix:
[[1 0 0 0 1 0 1 0 1 0 0 0 1 0 0 0 0 1 0 1 1 0]
 [0 0 0 1 0 0 1 0 0 0 0 1 0 1 0 1 0 0 1 0 0 0]
 [0 0 0 0 1 1 0 1 0 0 1 1 0 1 1 0 0 0 0 0 1 1]
 [0 1 1 1 0 0 0 0 1 1 0 0 0 0 1 0 0 0 0 1 0 1]
 [1 1 1 0 0 0 0 1 0 0 1 0 1 0 0 1 1 0 0 0 0 0]]

Transitive closure (connectivity) matrix:
[[1 1 1 1 1]
 [1 1 1 1 1]
 [1 1 1 1 1]
 [1 1 1 1 1]
 [1 1 1 1 1]]

Relation Properties for Graph
+-----------------+-------+
|  Property name  | Value |
+=================+=======+
| reflexive       | True  |
+-----------------+-------+
| anti_reflexive  | False |
+-----------------+-------+
| irreflexive     | False |
+-----------------+-------+
| symmetric       | False |
+-----------------+-------+
| anti_symmetric  | False |
+-----------------+-------+
| asymmetric      | False |
+-----------------+-------+
| transitive      | False |
+-----------------+-------+
| intransitive    | True  |
+-----------------+-------+
| anti_transitive | False |
+-----------------+-------+


General Properties for Graph
+-----------------------+-----------------+
|     Property name     |      Value      |
+=======================+=================+
| outdegrees            | [4, 3, 5, 2, 3] |
+-----------------------+-----------------+
| indegrees             | [4, 2, 4, 3, 4] |
+-----------------------+-----------------+
| dfs                   | [0, 2, 1, 3, 4] |
+-----------------------+-----------------+
| bfs                   | [0, 2, 3, 4, 1] |
+-----------------------+-----------------+
| is_connected          | True            |
+-----------------------+-----------------+
| is_strongly_connected | True            |
+-----------------------+-----------------+
| is_eulerian           | False           |
+-----------------------+-----------------+
| is_star               | False           |
+-----------------------+-----------------+
| is_complete           | False           |
+-----------------------+-----------------+
| is_cycle              | False           |
+-----------------------+-----------------+


Vertex Properties for Graph
+--------+-----------+----------+-----------------+
| Vertex | Outdegree | Indegree |    Neighbors    |
+========+===========+==========+=================+
|      0 |         4 |        4 | [0, 2, 3, 4]    |
+--------+-----------+----------+-----------------+
|      1 |         3 |        2 | [0, 1, 2]       |
+--------+-----------+----------+-----------------+
|      2 |         5 |        4 | [0, 1, 2, 3, 4] |
+--------+-----------+----------+-----------------+
|      3 |         2 |        3 | [3, 4]          |
+--------+-----------+----------+-----------------+
|      4 |         3 |        4 | [0, 2, 4]       |
+--------+-----------+----------+-----------------+


Random Graph of Size 8

Adjacency matrix:
[[0 0 0 0 1 1 0 1]
 [0 0 0 0 1 0 1 0]
 [0 0 0 0 1 0 0 0]
 [0 0 0 0 1 1 1 0]
 [0 0 0 0 0 1 0 0]
 [0 0 0 0 0 0 1 1]
 [0 0 0 0 0 0 0 1]
 [0 0 0 0 0 0 0 0]]

Adjacency table:
0 : [4, 5, 7]
1 : [4, 6]
2 : [4]
3 : [4, 5, 6]
4 : [5]
5 : [6, 7]
6 : [7]
7 : []

Edge set:
{(4, 0), (4, 3), (3, 1), (5, 4), (5, 1), (1, 0), (7, 4), (6, 2), (7, 1), (6, 5), (4, 2), (3, 0), (5, 0), (5, 3), (2, 1), (6, 1), (7, 0), (6, 4), (7, 3), (7, 6), (3, 2), (4, 1), (5, 2), (2, 0), (7, 2), (6, 0), (7, 5), (6, 3)}

Incidence matrix:
[[1 0 0 0 0 1 0 0 0 0 0 1 1 0 0 0 1 0 0 0 0 0 0 1 0 1 0 0]
 [0 0 1 0 1 1 0 0 1 0 0 0 0 0 1 1 0 0 0 0 0 1 0 0 0 0 0 0]
 [0 0 0 0 0 0 0 1 0 0 1 0 0 0 1 0 0 0 0 0 1 0 1 1 1 0 0 0]
 [0 1 1 0 0 0 0 0 0 0 0 1 0 1 0 0 0 0 1 0 1 0 0 0 0 0 0 1]
 [1 1 0 1 0 0 1 0 0 0 1 0 0 0 0 0 0 1 0 0 0 1 0 0 0 0 0 0]
 [0 0 0 1 1 0 0 0 0 1 0 0 1 1 0 0 0 0 0 0 0 0 1 0 0 0 1 0]
 [0 0 0 0 0 0 0 1 0 1 0 0 0 0 0 1 0 1 0 1 0 0 0 0 0 1 0 1]
 [0 0 0 0 0 0 1 0 1 0 0 0 0 0 0 0 1 0 1 1 0 0 0 0 1 0 1 0]]

Transitive closure (connectivity) matrix:
[[1 0 0 0 1 1 1 1]
 [0 1 0 0 1 1 1 1]
 [0 0 1 0 1 1 1 1]
 [0 0 0 1 1 1 1 1]
 [0 0 0 0 1 1 1 1]
 [0 0 0 0 0 1 1 1]
 [0 0 0 0 0 0 1 1]
 [0 0 0 0 0 0 0 1]]

Relation Properties for Graph
+-----------------+-------+
|  Property name  | Value |
+=================+=======+
| reflexive       | False |
+-----------------+-------+
| anti_reflexive  | True  |
+-----------------+-------+
| irreflexive     | False |
+-----------------+-------+
| symmetric       | False |
+-----------------+-------+
| anti_symmetric  | False |
+-----------------+-------+
| asymmetric      | False |
+-----------------+-------+
| transitive      | False |
+-----------------+-------+
| intransitive    | True  |
+-----------------+-------+
| anti_transitive | False |
+-----------------+-------+


General Properties for Graph
+-----------------------+--------------------------+
|     Property name     |          Value           |
+=======================+==========================+
| outdegrees            | [3, 2, 1, 3, 1, 2, 1, 0] |
+-----------------------+--------------------------+
| indegrees             | [0, 0, 0, 0, 4, 3, 3, 3] |
+-----------------------+--------------------------+
| dfs                   | [0, 4, 5, 6, 7, 1, 2, 3] |
+-----------------------+--------------------------+
| bfs                   | [0, 4, 5, 7, 6, 1, 2, 3] |
+-----------------------+--------------------------+
| is_connected          | False                    |
+-----------------------+--------------------------+
| is_strongly_connected | False                    |
+-----------------------+--------------------------+
| is_eulerian           | False                    |
+-----------------------+--------------------------+
| is_star               | False                    |
+-----------------------+--------------------------+
| is_complete           | False                    |
+-----------------------+--------------------------+
| is_cycle              | False                    |
+-----------------------+--------------------------+


Vertex Properties for Graph
+--------+-----------+----------+-----------+
| Vertex | Outdegree | Indegree | Neighbors |
+========+===========+==========+===========+
|      0 |         3 |        0 | [4, 5, 7] |
+--------+-----------+----------+-----------+
|      1 |         2 |        0 | [4, 6]    |
+--------+-----------+----------+-----------+
|      2 |         1 |        0 | [4]       |
+--------+-----------+----------+-----------+
|      3 |         3 |        0 | [4, 5, 6] |
+--------+-----------+----------+-----------+
|      4 |         1 |        4 | [5]       |
+--------+-----------+----------+-----------+
|      5 |         2 |        3 | [6, 7]    |
+--------+-----------+----------+-----------+
|      6 |         1 |        3 | [7]       |
+--------+-----------+----------+-----------+
|      7 |         0 |        3 | []        |
+--------+-----------+----------+-----------+


Random Graph of Size 10 with p = .9

Adjacency matrix:
[[0 1 1 1 1 1 1 1 0 1]
 [1 0 1 1 1 1 1 1 1 1]
 [1 1 0 1 1 1 1 1 1 1]
 [1 1 1 0 0 1 1 1 1 1]
 [1 1 1 1 0 1 1 1 0 1]
 [1 1 1 1 0 0 1 1 1 1]
 [0 1 1 0 1 1 0 1 1 0]
 [1 1 1 1 1 1 1 0 1 0]
 [1 1 1 1 1 1 0 1 0 1]
 [1 1 1 1 1 1 1 1 1 0]]

Adjacency table:
0 : [1, 2, 3, 4, 5, 6, 7, 9]
1 : [0, 2, 3, 4, 5, 6, 7, 8, 9]
2 : [0, 1, 3, 4, 5, 6, 7, 8, 9]
3 : [0, 1, 2, 5, 6, 7, 8, 9]
4 : [0, 1, 2, 3, 5, 6, 7, 9]
5 : [0, 1, 2, 3, 6, 7, 8, 9]
6 : [1, 2, 4, 5, 7, 8]
7 : [0, 1, 2, 3, 4, 5, 6, 8]
8 : [0, 1, 2, 3, 4, 5, 7, 9]
9 : [0, 1, 2, 3, 4, 5, 6, 7, 8]

Edge set:
{(4, 0), (4, 9), (5, 1), (8, 0), (8, 9), (9, 8), (0, 5), (6, 2), (7, 1), (4, 2), (3, 6), (5, 3), (8, 2), (9, 1), (0, 7), (2, 4), (1, 8), (6, 4), (7, 3), (3, 8), (8, 4), (9, 3), (0, 9), (7, 5), (3, 1), (5, 7), (9, 5), (0, 2), (1, 3), (5, 0), (5, 9), (9, 7), (1, 5), (6, 1), (7, 0), (3, 5), (5, 2), (9, 0), (1, 7), (2, 6), (7, 2), (3, 7), (5, 4), (4, 6), (9, 2), (8, 6), (1, 0), (1, 9), (2, 8), (7, 4), (6, 8), (3, 0), (3, 9), (5, 6), (1, 2), (0, 4), (2, 1), (3, 2), (4, 1), (8, 1), (1, 4), (0, 6), (2, 3), (6, 3), (4, 3), (8, 3), (1, 6), (2, 5), (6, 5), (4, 5), (8, 5), (9, 4), (0, 1), (2, 7), (6, 7), (7, 6), (4, 7), (5, 8), (8, 7), (9, 6), (0, 3), (2, 0), (2, 9), (6, 0), (7, 8)}

Incidence matrix:
[[1 0 0 1 0 0 1 0 0 0 0 0 0 0 1 0 0 0 0 0 0 0 1 0 0 0 0 1 0 1 0 0 0 0 1 0
  0 1 0 0 0 0 0 0 0 0 1 0 0 0 0 1 0 0 0 1 0 0 0 0 0 1 0 0 0 0 0 0 0 0 0 0
  1 0 0 0 0 0 0 0 1 1 0 1 0]
 [0 0 1 0 0 0 0 0 1 0 0 0 0 1 0 0 1 0 0 0 0 0 0 0 1 0 0 0 1 0 0 0 1 1 0 0
  0 0 1 0 0 0 0 0 0 0 1 1 0 0 0 0 0 0 1 0 1 0 1 1 1 0 0 0 0 0 1 0 0 0 0 0
  1 0 0 0 0 0 0 0 0 0 0 0 0]
 [0 0 0 0 0 0 0 1 0 1 0 0 1 0 0 1 0 0 0 0 0 0 0 0 0 0 0 1 0 0 0 0 0 0 0 0
  1 0 0 1 1 0 0 0 1 0 0 0 1 0 0 0 0 0 1 0 1 1 0 0 0 0 1 0 0 0 0 1 0 0 0 0
  0 1 0 0 0 0 0 0 0 1 1 0 0]
 [0 0 0 0 0 0 0 0 0 0 1 1 0 0 0 0 0 0 1 1 0 1 0 0 1 0 0 0 1 0 0 0 0 0 0 1
  0 0 0 0 0 1 0 0 0 0 0 0 0 0 0 1 1 0 0 0 0 1 0 0 0 0 1 1 1 1 0 0 0 0 0 0
  0 0 0 0 0 0 0 0 1 0 0 0 0]
 [1 1 0 0 0 0 0 0 0 1 0 0 0 0 0 1 0 1 0 0 1 0 0 0 0 0 0 0 0 0 0 0 0 0 0 0
  0 0 0 0 0 0 1 1 0 0 0 0 0 1 0 0 0 0 0 1 0 0 1 0 1 0 0 0 1 0 0 0 0 1 0 1
  0 0 0 0 1 0 0 0 0 0 0 0 0]
 [0 0 1 0 0 0 1 0 0 0 0 1 0 0 0 0 0 0 0 0 0 0 0 1 0 1 1 0 0 1 1 0 1 0 0 1
  1 0 0 0 0 0 1 0 0 0 0 0 0 0 0 0 0 1 0 0 0 0 0 0 0 0 0 0 0 0 0 1 1 1 1 0
  0 0 0 0 0 1 0 0 0 0 0 0 0]
 [0 0 0 0 0 0 0 1 0 0 1 0 0 0 0 0 0 1 0 0 0 0 0 0 0 0 0 0 0 0 0 0 0 1 0 0
  0 0 0 1 0 0 0 1 0 1 0 0 0 0 1 0 0 1 0 0 0 0 0 0 0 1 0 1 0 0 1 0 1 0 0 0
  0 0 1 1 0 0 0 1 0 0 0 1 0]
 [0 0 0 0 0 0 0 0 1 0 0 0 0 0 1 0 0 0 1 0 0 0 0 1 0 1 0 0 0 0 0 1 0 0 1 0
  0 0 1 0 1 1 0 0 0 0 0 0 0 1 0 0 0 0 0 0 0 0 0 0 0 0 0 0 0 0 0 0 0 0 0 0
  0 1 1 1 1 0 1 0 0 0 0 0 1]
 [0 0 0 1 1 1 0 0 0 0 0 0 1 0 0 0 1 0 0 1 1 0 0 0 0 0 0 0 0 0 0 0 0 0 0 0
  0 0 0 0 0 0 0 0 0 1 0 0 1 0 1 0 0 0 0 0 0 0 0 1 0 0 0 0 0 1 0 0 0 0 1 0
  0 0 0 0 0 1 1 0 0 0 0 0 1]
 [0 1 0 0 1 1 0 0 0 0 0 0 0 1 0 0 0 0 0 0 0 1 1 0 0 0 1 0 0 0 1 1 0 0 0 0
  0 1 0 0 0 0 0 0 1 0 0 1 0 0 0 0 1 0 0 0 0 0 0 0 0 0 0 0 0 0 0 0 0 0 0 1
  0 0 0 0 0 0 0 1 0 0 1 0 0]]

Transitive closure (connectivity) matrix:
[[1 1 1 1 1 1 1 1 1 1]
 [1 1 1 1 1 1 1 1 1 1]
 [1 1 1 1 1 1 1 1 1 1]
 [1 1 1 1 1 1 1 1 1 1]
 [1 1 1 1 1 1 1 1 1 1]
 [1 1 1 1 1 1 1 1 1 1]
 [1 1 1 1 1 1 1 1 1 1]
 [1 1 1 1 1 1 1 1 1 1]
 [1 1 1 1 1 1 1 1 1 1]
 [1 1 1 1 1 1 1 1 1 1]]

Relation Properties for Graph
+-----------------+-------+
|  Property name  | Value |
+=================+=======+
| reflexive       | False |
+-----------------+-------+
| anti_reflexive  | True  |
+-----------------+-------+
| irreflexive     | False |
+-----------------+-------+
| symmetric       | False |
+-----------------+-------+
| anti_symmetric  | False |
+-----------------+-------+
| asymmetric      | False |
+-----------------+-------+
| transitive      | False |
+-----------------+-------+
| intransitive    | True  |
+-----------------+-------+
| anti_transitive | False |
+-----------------+-------+


General Properties for Graph
+-----------------------+--------------------------------+
|     Property name     |             Value              |
+=======================+================================+
| outdegrees            | [8, 9, 9, 8, 8, 8, 6, 8, 8, 9] |
+-----------------------+--------------------------------+
| indegrees             | [8, 9, 9, 8, 7, 9, 8, 9, 7, 7] |
+-----------------------+--------------------------------+
| dfs                   | [0, 1, 2, 3, 5, 6, 4, 7, 8, 9] |
+-----------------------+--------------------------------+
| bfs                   | [0, 1, 2, 3, 4, 5, 6, 7, 9, 8] |
+-----------------------+--------------------------------+
| is_connected          | True                           |
+-----------------------+--------------------------------+
| is_strongly_connected | True                           |
+-----------------------+--------------------------------+
| is_eulerian           | False                          |
+-----------------------+--------------------------------+
| is_star               | False                          |
+-----------------------+--------------------------------+
| is_complete           | False                          |
+-----------------------+--------------------------------+
| is_cycle              | False                          |
+-----------------------+--------------------------------+


Vertex Properties for Graph
+--------+-----------+----------+-----------------------------+
| Vertex | Outdegree | Indegree |          Neighbors          |
+========+===========+==========+=============================+
|      0 |         8 |        8 | [1, 2, 3, 4, 5, 6, 7, 9]    |
+--------+-----------+----------+-----------------------------+
|      1 |         9 |        9 | [0, 2, 3, 4, 5, 6, 7, 8, 9] |
+--------+-----------+----------+-----------------------------+
|      2 |         9 |        9 | [0, 1, 3, 4, 5, 6, 7, 8, 9] |
+--------+-----------+----------+-----------------------------+
|      3 |         8 |        8 | [0, 1, 2, 5, 6, 7, 8, 9]    |
+--------+-----------+----------+-----------------------------+
|      4 |         8 |        7 | [0, 1, 2, 3, 5, 6, 7, 9]    |
+--------+-----------+----------+-----------------------------+
|      5 |         8 |        9 | [0, 1, 2, 3, 6, 7, 8, 9]    |
+--------+-----------+----------+-----------------------------+
|      6 |         6 |        8 | [1, 2, 4, 5, 7, 8]          |
+--------+-----------+----------+-----------------------------+
|      7 |         8 |        9 | [0, 1, 2, 3, 4, 5, 6, 8]    |
+--------+-----------+----------+-----------------------------+
|      8 |         8 |        7 | [0, 1, 2, 3, 4, 5, 7, 9]    |
+--------+-----------+----------+-----------------------------+
|      9 |         9 |        7 | [0, 1, 2, 3, 4, 5, 6, 7, 8] |
+--------+-----------+----------+-----------------------------+



Process finished with exit code 0
