"/Library/Frameworks/Python.framework/Versions/3.12/bin/python3 /pythonProject/.venv/bin/python" /Library/Frameworks/Python.framework/Versions/3.12/bin/python3 /pythonProject/Assignment12.py
random_tree

Adjacency matrix:
[[0 0 0 0 0 0 0 0 0 1]
 [0 0 0 1 0 0 0 0 0 0]
 [0 0 0 0 0 0 0 0 0 0]
 [0 0 1 0 0 0 0 0 0 0]
 [0 1 0 0 0 0 1 0 0 0]
 [0 0 0 0 0 0 0 0 0 0]
 [0 0 0 0 0 1 0 0 0 0]
 [0 0 0 0 1 0 0 0 1 0]
 [0 0 0 0 0 0 0 0 0 0]
 [0 0 0 0 0 0 0 1 0 0]]

Adjacency table:
0 : [9]
1 : [3]
2 : []
3 : [2]
4 : [1, 6]
5 : []
6 : [5]
7 : [4, 8]
8 : []
9 : [7]

Edge set:
{(7, 4), (9, 7), (6, 5), (4, 1), (4, 6), (0, 9), (3, 2), (1, 3), (7, 8)}

Incidence matrix:
[[0 0 0 0 0 1 0 0 0]
 [0 0 0 1 0 0 0 1 0]
 [0 0 0 0 0 0 1 0 0]
 [0 0 0 0 0 0 1 1 0]
 [1 0 0 1 1 0 0 0 0]
 [0 0 1 0 0 0 0 0 0]
 [0 0 1 0 1 0 0 0 0]
 [1 1 0 0 0 0 0 0 1]
 [0 0 0 0 0 0 0 0 1]
 [0 1 0 0 0 1 0 0 0]]

Transitive closure (connectivity) matrix:
[[1 0 0 0 0 0 0 1 1 1]
 [0 1 1 1 0 0 0 0 0 0]
 [0 0 1 0 0 0 0 0 0 0]
 [0 0 1 1 0 0 0 0 0 0]
 [0 1 1 1 1 1 1 0 0 0]
 [0 0 0 0 0 1 0 0 0 0]
 [0 0 0 0 0 1 1 0 0 0]
 [0 1 1 1 1 1 1 1 1 0]
 [0 0 0 0 0 0 0 0 1 0]
 [0 1 1 1 1 1 1 1 1 1]]

Relation Properties for Graph
+-----------------+-------+
|  Property name  | Value |
+=================+=======+
| reflexive       | False |
+-----------------+-------+
| anti_reflexive  | True  |
+-----------------+-------+
| irreflexive     | False |
+-----------------+-------+
| symmetric       | False |
+-----------------+-------+
| anti_symmetric  | False |
+-----------------+-------+
| asymmetric      | False |
+-----------------+-------+
| transitive      | False |
+-----------------+-------+
| intransitive    | False |
+-----------------+-------+
| anti_transitive | True  |
+-----------------+-------+


General Properties for Graph
+-----------------------+--------------------------------+
|     Property name     |             Value              |
+=======================+================================+
| outdegrees            | [1, 1, 0, 1, 2, 0, 1, 2, 0, 1] |
+-----------------------+--------------------------------+
| indegrees             | [0, 1, 1, 1, 1, 1, 1, 1, 1, 1] |
+-----------------------+--------------------------------+
| dfs                   | [0, 9, 7, 4, 1, 3, 2, 6, 5, 8] |
+-----------------------+--------------------------------+
| bfs                   | [0, 9, 7, 4, 8, 1, 6, 3, 5, 2] |
+-----------------------+--------------------------------+
| is_connected          | True                           |
+-----------------------+--------------------------------+
| is_strongly_connected | False                          |
+-----------------------+--------------------------------+
| is_eulerian           | False                          |
+-----------------------+--------------------------------+
| is_star               | False                          |
+-----------------------+--------------------------------+
| is_complete           | False                          |
+-----------------------+--------------------------------+
| is_cycle              | False                          |
+-----------------------+--------------------------------+


Vertex Properties for Graph
+--------+-----------+----------+-----------+
| Vertex | Outdegree | Indegree | Neighbors |
+========+===========+==========+===========+
|      0 |         1 |        0 | [9]       |
+--------+-----------+----------+-----------+
|      1 |         1 |        1 | [3]       |
+--------+-----------+----------+-----------+
|      2 |         0 |        1 | []        |
+--------+-----------+----------+-----------+
|      3 |         1 |        1 | [2]       |
+--------+-----------+----------+-----------+
|      4 |         2 |        1 | [1, 6]    |
+--------+-----------+----------+-----------+
|      5 |         0 |        1 | []        |
+--------+-----------+----------+-----------+
|      6 |         1 |        1 | [5]       |
+--------+-----------+----------+-----------+
|      7 |         2 |        1 | [4, 8]    |
+--------+-----------+----------+-----------+
|      8 |         0 |        1 | []        |
+--------+-----------+----------+-----------+
|      9 |         1 |        1 | [7]       |
+--------+-----------+----------+-----------+


tree properties
+---------------+-----------------------+
| Property name |         Value         |
+===============+=======================+
| height        | 6                     |
+---------------+-----------------------+
| min_key       | 0                     |
+---------------+-----------------------+
| max_key       | 0                     |
+---------------+-----------------------+
| inorder       |  0 1 2 3 4 5 6 7 8 9  |
+---------------+-----------------------+
| reverseorder  |  9 8 7 6 5 4 3 2 1 0  |
+---------------+-----------------------+
| preorder      | 0 9 7 4 1 3 2 6 5 8   |
+---------------+-----------------------+
| postorder     |  2 3 1 5 6 4 8 7 9 0  |
+---------------+-----------------------+

vertices 10 edges 9
================================================================================
ordered_tree

Adjacency matrix:
[[0 1 0 0 0 0 0 0 0 0]
 [0 0 1 0 0 0 0 0 0 0]
 [0 0 0 1 0 0 0 0 0 0]
 [0 0 0 0 1 0 0 0 0 0]
 [0 0 0 0 0 1 0 0 0 0]
 [0 0 0 0 0 0 1 0 0 0]
 [0 0 0 0 0 0 0 1 0 0]
 [0 0 0 0 0 0 0 0 1 0]
 [0 0 0 0 0 0 0 0 0 1]
 [0 0 0 0 0 0 0 0 0 0]]

Adjacency table:
0 : [1]
1 : [2]
2 : [3]
3 : [4]
4 : [5]
5 : [6]
6 : [7]
7 : [8]
8 : [9]
9 : []

Edge set:
{(0, 1), (1, 2), (3, 4), (2, 3), (6, 7), (4, 5), (8, 9), (5, 6), (7, 8)}

Incidence matrix:
[[1 0 0 0 0 0 0 0 0]
 [1 1 0 0 0 0 0 0 0]
 [0 1 0 1 0 0 0 0 0]
 [0 0 1 1 0 0 0 0 0]
 [0 0 1 0 0 1 0 0 0]
 [0 0 0 0 0 1 0 1 0]
 [0 0 0 0 1 0 0 1 0]
 [0 0 0 0 1 0 0 0 1]
 [0 0 0 0 0 0 1 0 1]
 [0 0 0 0 0 0 1 0 0]]

Transitive closure (connectivity) matrix:
[[1 1 1 1 1 1 1 1 1 1]
 [0 1 1 1 1 1 1 1 1 1]
 [0 0 1 1 1 1 1 1 1 1]
 [0 0 0 1 1 1 1 1 1 1]
 [0 0 0 0 1 1 1 1 1 1]
 [0 0 0 0 0 1 1 1 1 1]
 [0 0 0 0 0 0 1 1 1 1]
 [0 0 0 0 0 0 0 1 1 1]
 [0 0 0 0 0 0 0 0 1 1]
 [0 0 0 0 0 0 0 0 0 1]]

Relation Properties for Graph
+-----------------+-------+
|  Property name  | Value |
+=================+=======+
| reflexive       | False |
+-----------------+-------+
| anti_reflexive  | True  |
+-----------------+-------+
| irreflexive     | False |
+-----------------+-------+
| symmetric       | False |
+-----------------+-------+
| anti_symmetric  | False |
+-----------------+-------+
| asymmetric      | False |
+-----------------+-------+
| transitive      | False |
+-----------------+-------+
| intransitive    | False |
+-----------------+-------+
| anti_transitive | True  |
+-----------------+-------+


General Properties for Graph
+-----------------------+--------------------------------+
|     Property name     |             Value              |
+=======================+================================+
| outdegrees            | [1, 1, 1, 1, 1, 1, 1, 1, 1, 0] |
+-----------------------+--------------------------------+
| indegrees             | [0, 1, 1, 1, 1, 1, 1, 1, 1, 1] |
+-----------------------+--------------------------------+
| dfs                   | [0, 1, 2, 3, 4, 5, 6, 7, 8, 9] |
+-----------------------+--------------------------------+
| bfs                   | [0, 1, 2, 3, 4, 5, 6, 7, 8, 9] |
+-----------------------+--------------------------------+
| is_connected          | True                           |
+-----------------------+--------------------------------+
| is_strongly_connected | False                          |
+-----------------------+--------------------------------+
| is_eulerian           | False                          |
+-----------------------+--------------------------------+
| is_star               | False                          |
+-----------------------+--------------------------------+
| is_complete           | False                          |
+-----------------------+--------------------------------+
| is_cycle              | False                          |
+-----------------------+--------------------------------+


Vertex Properties for Graph
+--------+-----------+----------+-----------+
| Vertex | Outdegree | Indegree | Neighbors |
+========+===========+==========+===========+
|      0 |         1 |        0 | [1]       |
+--------+-----------+----------+-----------+
|      1 |         1 |        1 | [2]       |
+--------+-----------+----------+-----------+
|      2 |         1 |        1 | [3]       |
+--------+-----------+----------+-----------+
|      3 |         1 |        1 | [4]       |
+--------+-----------+----------+-----------+
|      4 |         1 |        1 | [5]       |
+--------+-----------+----------+-----------+
|      5 |         1 |        1 | [6]       |
+--------+-----------+----------+-----------+
|      6 |         1 |        1 | [7]       |
+--------+-----------+----------+-----------+
|      7 |         1 |        1 | [8]       |
+--------+-----------+----------+-----------+
|      8 |         1 |        1 | [9]       |
+--------+-----------+----------+-----------+
|      9 |         0 |        1 | []        |
+--------+-----------+----------+-----------+


tree properties
+---------------+-----------------------+
| Property name |         Value         |
+===============+=======================+
| height        | 9                     |
+---------------+-----------------------+
| min_key       | 0                     |
+---------------+-----------------------+
| max_key       | 0                     |
+---------------+-----------------------+
| inorder       |  0 1 2 3 4 5 6 7 8 9  |
+---------------+-----------------------+
| reverseorder  |  9 8 7 6 5 4 3 2 1 0  |
+---------------+-----------------------+
| preorder      | 0 1 2 3 4 5 6 7 8 9   |
+---------------+-----------------------+
| postorder     |  9 8 7 6 5 4 3 2 1 0  |
+---------------+-----------------------+

vertices 10 edges 9
================================================================================
backward_tree

Adjacency matrix:
[[0 0 0 0 0 0 0 0 0 0]
 [1 0 0 0 0 0 0 0 0 0]
 [0 1 0 0 0 0 0 0 0 0]
 [0 0 1 0 0 0 0 0 0 0]
 [0 0 0 1 0 0 0 0 0 0]
 [0 0 0 0 1 0 0 0 0 0]
 [0 0 0 0 0 1 0 0 0 0]
 [0 0 0 0 0 0 1 0 0 0]
 [0 0 0 0 0 0 0 1 0 0]
 [0 0 0 0 0 0 0 0 1 0]]

Adjacency table:
0 : []
1 : [0]
2 : [1]
3 : [2]
4 : [3]
5 : [4]
6 : [5]
7 : [6]
8 : [7]
9 : [8]

Edge set:
{(2, 1), (6, 5), (4, 3), (8, 7), (5, 4), (7, 6), (9, 8), (1, 0), (3, 2)}

Incidence matrix:
[[0 0 0 0 0 0 0 1 0]
 [1 0 0 0 0 0 0 1 0]
 [1 0 0 0 0 0 0 0 1]
 [0 0 1 0 0 0 0 0 1]
 [0 0 1 0 1 0 0 0 0]
 [0 1 0 0 1 0 0 0 0]
 [0 1 0 0 0 1 0 0 0]
 [0 0 0 1 0 1 0 0 0]
 [0 0 0 1 0 0 1 0 0]
 [0 0 0 0 0 0 1 0 0]]

Transitive closure (connectivity) matrix:
[[1 0 0 0 0 0 0 0 0 0]
 [1 1 0 0 0 0 0 0 0 0]
 [1 1 1 0 0 0 0 0 0 0]
 [1 1 1 1 0 0 0 0 0 0]
 [1 1 1 1 1 0 0 0 0 0]
 [1 1 1 1 1 1 0 0 0 0]
 [1 1 1 1 1 1 1 0 0 0]
 [1 1 1 1 1 1 1 1 0 0]
 [1 1 1 1 1 1 1 1 1 0]
 [1 1 1 1 1 1 1 1 1 1]]

Relation Properties for Graph
+-----------------+-------+
|  Property name  | Value |
+=================+=======+
| reflexive       | False |
+-----------------+-------+
| anti_reflexive  | True  |
+-----------------+-------+
| irreflexive     | False |
+-----------------+-------+
| symmetric       | False |
+-----------------+-------+
| anti_symmetric  | False |
+-----------------+-------+
| asymmetric      | False |
+-----------------+-------+
| transitive      | False |
+-----------------+-------+
| intransitive    | False |
+-----------------+-------+
| anti_transitive | True  |
+-----------------+-------+


General Properties for Graph
+-----------------------+--------------------------------+
|     Property name     |             Value              |
+=======================+================================+
| outdegrees            | [0, 1, 1, 1, 1, 1, 1, 1, 1, 1] |
+-----------------------+--------------------------------+
| indegrees             | [1, 1, 1, 1, 1, 1, 1, 1, 1, 0] |
+-----------------------+--------------------------------+
| dfs                   | [0, 1, 2, 3, 4, 5, 6, 7, 8, 9] |
+-----------------------+--------------------------------+
| bfs                   | [0, 1, 2, 3, 4, 5, 6, 7, 8, 9] |
+-----------------------+--------------------------------+
| is_connected          | False                          |
+-----------------------+--------------------------------+
| is_strongly_connected | False                          |
+-----------------------+--------------------------------+
| is_eulerian           | False                          |
+-----------------------+--------------------------------+
| is_star               | False                          |
+-----------------------+--------------------------------+
| is_complete           | False                          |
+-----------------------+--------------------------------+
| is_cycle              | False                          |
+-----------------------+--------------------------------+


Vertex Properties for Graph
+--------+-----------+----------+-----------+
| Vertex | Outdegree | Indegree | Neighbors |
+========+===========+==========+===========+
|      0 |         0 |        1 | []        |
+--------+-----------+----------+-----------+
|      1 |         1 |        1 | [0]       |
+--------+-----------+----------+-----------+
|      2 |         1 |        1 | [1]       |
+--------+-----------+----------+-----------+
|      3 |         1 |        1 | [2]       |
+--------+-----------+----------+-----------+
|      4 |         1 |        1 | [3]       |
+--------+-----------+----------+-----------+
|      5 |         1 |        1 | [4]       |
+--------+-----------+----------+-----------+
|      6 |         1 |        1 | [5]       |
+--------+-----------+----------+-----------+
|      7 |         1 |        1 | [6]       |
+--------+-----------+----------+-----------+
|      8 |         1 |        1 | [7]       |
+--------+-----------+----------+-----------+
|      9 |         1 |        0 | [8]       |
+--------+-----------+----------+-----------+


tree properties
+---------------+-----------------------+
| Property name |         Value         |
+===============+=======================+
| height        | 9                     |
+---------------+-----------------------+
| min_key       | 0                     |
+---------------+-----------------------+
| max_key       | -1                    |
+---------------+-----------------------+
| inorder       |  0 1 2 3 4 5 6 7 8 9  |
+---------------+-----------------------+
| reverseorder  |  9 8 7 6 5 4 3 2 1 0  |
+---------------+-----------------------+
| preorder      | 9 8 7 6 5 4 3 2 1 0   |
+---------------+-----------------------+
| postorder     |  0 1 2 3 4 5 6 7 8 9  |
+---------------+-----------------------+

vertices 10 edges 9
================================================================================

Process finished with exit code 0
